0
186709352
2232481364
2769064690
2769064690
3048889170
3181008318
3326844072
3326844072
3640221304
3640221304
3640221304
3640221304
3640221304
3640221304
3640221304
3640221304
3640221304
3640221304
3640221304
3640221304
3640221304
3640221304
3640221304
3640221304
3640221304
3640221304
3640221304
3640221304
3640221304
3640221304
3640221304
3640221304
3640221304
3640221304
3640221304
3640221304
3640221304
3640221304
3640221304
3640221304
3640221304
3640221304
3640221304
3640221304
3640221304
3965903996
4196884820
4196884820
4196884820
4196884820
4196884820
4196884820
4196884820
4196884820
4196884820
4196884820
4196884820
4196884820
4196884820
4196884820
4196884820
4196884820
4256951114
4256951114
4256951114
4256951114
4256951114
4256951114
4256951114
4256951114
4256951114
4256951114
4256951114
4256951114
4256951114
4256951114
4256951114
4256951114
4256951114
4256951114
4256951114
4256951114
4256951114
4256951114
4256951114
4256951114
4256951114
4256951114
4256951114
4256951114
4256951114
4256951114
4256951114
4256951114
4257059092
4257059092
4257059092
4271709540
4271709540
4271709540
4271709540
4271709540
4271709540
4271709540
4271709540
4271709540
4271709540
4271709540
4271709540
4271709540
4271709540
4271709540
4271709540
4271709540
4271709540
4271709540
4271709540
4271709540
4271709540
4271709540
4271709540
4271709540
4271709540
4271709540
4271709540
4271709540
4271709540
4271709540
4271709540
4271709540
4271709540
4271709540
4271709540
4271709540
4271709540
4271709540
4271709540
4271709540
4271709540
4271709540
4271709540
4271709540
4271709540
4271709540
4271709540
4271709540
4271709540
4271709540
4271709540
4271709540
4271709540
4271709540
4271709540
4271709540
4271709540
4271709540
4271709540
4271709540
4271709540
4271709540
4271709540
4271709540
4271709540
4271709540
4271709540
4271709540
4271709540
4271709540
4271709540
4271709540
4271709540
4271709540
4271709540
4271709540
4271709540
4271709540
4271709540
4271709540
4271709540
4271709540
4271709540
4271709540
4271709540
4271709540
4271709540
4271709540
4271709540
4271709540
4271709540
4271709540
4271709540
4271709540
4271709540
4271709540
4271709540
4271709540
4271709540
4271709540
4271709540
4271709540
4271709540
4271709540
4271709540
4271709540
4271709540
4271709540
4271709540
4271709540
4271709540
4271709540
4271709540
4271709540
4271709540
4271709540
4271709540
4271709540
4271709540
4271709540
4271709540
4271709540
4271709540
4271709540
4271709540
4271709540
