0
56758762
3001790182
3114315158
3114315158
3114315158
3114315158
3114315158
3114315158
3252763648
3252763648
3252763648
3252763648
3364134380
3364134380
3364134380
3417712582
3417712582
3417712582
3417712582
4172356968
4172356968
4172356968
4172356968
4172356968
4172356968
4172356968
4172356968
4172356968
4172356968
4172356968
4172356968
4172356968
4172356968
4172356968
4172356968
4172356968
4172356968
4172356968
4172356968
4172356968
4172356968
4172356968
4172356968
4186631274
4186631274
4186631274
4186631274
4186631274
4186631274
4186631274
4186631274
4186631274
4186631274
4186631274
4186631274
4186631274
4186631274
4186631274
4186631274
4186631274
4186631274
4235629408
4268745756
4268745756
4274779564
4274779564
4274779564
4274779564
4274779564
4274779564
4274779564
4274779564
4274779564
4274779564
4274779564
4274779564
4274779564
4274779564
4274779564
4274779564
4274779564
4274779564
4274779564
4274779564
4274779564
4274779564
4274779564
4274779564
4274779564
4274779564
4274779564
4274779564
4274779564
4274779564
4274779564
4274779564
4274779564
4274779564
4274779564
4274779564
4274779564
4274779564
4274779564
4274779564
4274779564
4274779564
4274779564
4274779564
4274779564
4274779564
4274779564
4274779564
4274779564
4274779564
4274779564
4274779564
4274779564
4274779564
4274779564
4274779564
4274779564
4274779564
4274779564
4274779564
4274779564
4274779564
4274779564
4274779564
4274779564
4274779564
4274779564
4274779564
4274779564
4274779564
4274779564
4274779564
4274779564
4274779564
4274779564
4274779564
4274779564
4274779564
4274779564
4274779564
4274779564
4274779564
4274779564
4274779564
4274779564
4274779564
4274779564
4274779564
4274779564
4274779564
4274779564
4274779564
4274779564
4274779564
4274779564
4274779564
4274779564
4274779564
4274779564
4274779564
4274779564
4274779564
4274779564
4274779564
4274779564
4274779564
4274779564
4274779564
4274779564
4274779564
4274779564
4274779564
4274779564
4274779564
4274779564
4274779564
4274779564
4274779564
4274779564
4274779564
4274779564
4274779564
4274779564
4274779564
4274779564
4274779564
4274779564
4274779564
4274779564
4274779564
4274779564
4274779564
4274779564
4274779564
4274779564
4274779564
4274779564
4274779564
4274779564
4274779564
4274779564
4274779564
4274779564
4274779564
4274779564
4274779564
4274779564
4274779564
4274779564
4274779564
4274779564
4274779564
4274779564
4274779564
4274779564
4274779564
4274779564
4274779564
4274779564
4274779564
4274779564
4274779564
4274779564
4274779564
4274779564
4274779564
4274779564
4274779564
4274779564
4274779564
4274779564
4274779564
4274779564
4274779564
4274779564
4274779564
4274779564
4274779564
4274779564
4274779564
4274779564
4274779564
4274779564
4274779564
4274779564
4274779564
4274779564
4274779564
4274779564
4274779564
4274779564
4274779564
4274779564
4274779564
