0
1141662438
1870917388
1870917388
1870917388
2358419088
3542567366
3542567366
3542567366
3542567366
3542567366
3542567366
3542567366
3542567366
3542567366
3542567366
3542567366
3973089170
3973089170
3973089170
3973089170
3973089170
4064260820
4064260820
4064260820
4064260820
4064260820
4064260820
4064260820
4064260820
4064260820
4064260820
4064260820
4064260820
4064260820
4064260820
4064260820
4064260820
4064260820
4064260820
4064260820
4064260820
4064260820
4064260820
4169210474
4169210474
4169210474
4169210474
4169210474
4169210474
4169210474
4169210474
4169210474
4169210474
4169210474
4169210474
4169210474
4169210474
4169210474
4204858626
4204858626
4204858626
4204858626
4204858626
4204858626
4204858626
4204858626
4204858626
4204858626
4204858626
4204858626
4204858626
4204858626
4204858626
4204858626
4204858626
4204858626
4204858626
4204858626
4204858626
4204858626
4204858626
4204858626
4204858626
4204858626
4204858626
4204858626
4204858626
4204858626
4204858626
4204858626
4204858626
4204858626
4204858626
4204858626
4204858626
4204858626
4204858626
4204858626
4204858626
4204858626
4204858626
4204858626
4204858626
4204858626
4204858626
4204858626
4204858626
4204858626
4204858626
4204858626
4204858626
4204858626
4204858626
4204858626
4204858626
4204858626
4204858626
4204858626
4204858626
4204858626
4204858626
4204858626
4204858626
4204858626
4204858626
4204858626
4204858626
4204858626
4204858626
4204858626
4204858626
4204858626
4204858626
4204858626
4204858626
4204858626
4227251328
4227251328
4227251328
4227251328
4227251328
4227251328
4227251328
4227251328
4227251328
4227251328
4227251328
4227251328
4227251328
4227251328
4227251328
4227251328
4245108980
4245108980
4245108980
4245108980
4245108980
4245108980
4245108980
4245108980
4245108980
4245108980
4245108980
4245108980
4245108980
4245108980
4245108980
4245108980
4245108980
4245108980
4245108980
4245108980
4245108980
4245108980
4245108980
4245108980
4245108980
4245108980
4245108980
4245108980
4245108980
4245108980
4245108980
4245108980
4245108980
4245108980
4245108980
4245108980
4245108980
4245108980
4245108980
4245108980
4245108980
4245108980
4245108980
4245108980
4245108980
4245108980
4245108980
4245108980
4245108980
4245108980
4245108980
4245108980
4245108980
4245108980
4245108980
4245108980
4245108980
4245108980
4245108980
4245108980
4245108980
4245108980
4245108980
4245108980
4245108980
4245108980
4245108980
4245108980
4245108980
4245108980
4245108980
4245108980
4245108980
4245108980
4245108980
4245108980
4245108980
4245108980
4245108980
4245108980
4245108980
4245108980
4245108980
4245108980
4245108980
4245108980
4245108980
4245108980
4245108980
4245108980
4245108980
4245108980
4245108980
4254519290
4254519290
4254519290
4254519290
4254519290
4254519290
4254519290
4254519290
4254519290
4254519290
4254519290
4254519290
4254519290
4254519290
4254519290
4254519290
4254519290
4254519290
4254519290
4254519290
4254519290
4254519290
4254519290
4254519290
4254519290
4254519290
4254519290
4254519290
4254519290
4254519290
4254519290
4254519290
4254519290
4254519290
