0
366253324
3066331392
3316555880
3316555880
3316555880
3316555880
3388538054
3388538054
3388538054
3425856542
3425856542
3425856542
3425856542
3425856542
3425856542
4169497638
4169497638
4169497638
4169497638
4169497638
4169497638
4169497638
4169497638
4169497638
4169497638
4169497638
4169497638
4169497638
4169497638
4169497638
4169497638
4169497638
4169497638
4169497638
4169497638
4169497638
4169497638
4169497638
4169497638
4169497638
4169497638
4169497638
4169497638
4169497638
4169497638
4169497638
4169497638
4169497638
4169497638
4169497638
4169497638
4169497638
4169497638
4169497638
4169497638
4169497638
4169497638
4169497638
4169497638
4169497638
4169497638
4169497638
4169497638
4169497638
4169497638
4169497638
4169497638
4169497638
4169497638
4169497638
4169497638
4169497638
4169497638
4169497638
4169497638
4169497638
4169497638
4169497638
4169497638
4169497638
4169497638
4169497638
4169497638
4169497638
4169497638
4169497638
4169497638
4169497638
4169497638
4169497638
4169497638
4169497638
4169497638
4169497638
4169497638
4169497638
4169497638
4169497638
4169497638
4169497638
4169497638
4169497638
4169497638
4169497638
4169497638
4169497638
4169497638
4169497638
4169497638
4169497638
4169497638
4169497638
4169497638
4169497638
4169497638
4169497638
4169497638
4169497638
4169497638
4169497638
4169497638
4169497638
4169497638
4198387466
4198387466
4198387466
4198387466
4198387466
4198387466
4198387466
4198387466
4198387466
4198387466
4198387466
4198387466
4198387466
4198387466
4198387466
4198387466
4198387466
4198387466
4198387466
4198387466
4198387466
4198387466
4198387466
4198387466
4198387466
4198387466
4198387466
4198387466
4198387466
4198387466
4198387466
4198387466
4198387466
4198387466
4198387466
4198387466
4198387466
4198387466
4198387466
4198387466
4198387466
4198387466
4198387466
4198387466
4198387466
4198387466
4198387466
4198387466
4198387466
4198387466
4198387466
4198387466
4198387466
4198387466
4198387466
4198387466
4198387466
4198387466
4198387466
4198387466
4198387466
4198387466
4198387466
4198387466
4198387466
4198387466
4198387466
4198387466
4198387466
4198387466
4198387466
4198387466
4198387466
4198387466
4198387466
4198387466
4198387466
4198387466
4198387466
4198387466
4198387466
4198387466
4198387466
4198387466
4198387466
4198387466
4198387466
4198387466
4198387466
4198387466
4198387466
4198387466
4198387466
4198387466
4198387466
4198387466
4198387466
4198387466
4198387466
4198387466
4198387466
4198387466
4198387466
4198387466
4198387466
4198387466
4198387466
4198387466
4198387466
4198387466
4198387466
4198387466
4198387466
4198387466
4198387466
4198387466
4198387466
4198387466
4198387466
4198387466
4198387466
4198387466
4198387466
4198387466
4198387466
4198387466
4198387466
4198387466
4198387466
4198387466
4198387466
4198387466
4198387466
4198387466
4198387466
4198387466
4198387466
4198387466
4198387466
4198387466
4198387466
4198387466
4198387466
4198387466
4198387466
