0
5938246
2993111560
2993111560
2993111560
2993111560
2993111560
3728292262
3728292262
3728292262
3741781412
3887010908
3887010908
3887010908
3887010908
4203734994
4203734994
4203734994
4203734994
4203734994
4203734994
4203734994
4203734994
4203734994
4203734994
4203734994
4203734994
4203734994
4203734994
4203734994
4203734994
4203734994
4203734994
4203734994
4203734994
4203734994
4203734994
4203734994
4203734994
4203734994
4203734994
4203734994
4203734994
4203734994
4203734994
4203734994
4203734994
4203734994
4203734994
4203734994
4203734994
4203734994
4203734994
4203734994
4203734994
4203734994
4203734994
4203734994
4203734994
4203734994
4203734994
4203734994
4203734994
4203734994
4203734994
4203734994
4203734994
4203734994
4203734994
4203734994
4203734994
4203734994
4203734994
4203734994
4203734994
4203734994
4203734994
4203734994
4203734994
4203734994
4203734994
4203734994
4220235688
4220235688
4220235688
4220235688
4220235688
4220235688
4220235688
4220235688
4220235688
4220235688
4220235688
4220235688
4220235688
4220235688
4220235688
4220235688
4220235688
4220235688
4220235688
4220235688
4220235688
4220235688
4220235688
4220235688
4220235688
4220235688
4220235688
4220235688
4220235688
4220235688
4235777082
4235777082
4235777082
4235777082
4239711832
4239711832
4239711832
4239711832
4239711832
4239711832
4239711832
4239711832
4239711832
4239711832
4239711832
4239711832
4239711832
4239711832
4239711832
4239711832
4239711832
4239711832
4239711832
4239711832
4239711832
4239711832
4239711832
4239711832
4239711832
4239711832
4239711832
4239711832
4239711832
4239711832
4239711832
4239711832
4239711832
4239711832
4239711832
4239711832
4239711832
4239711832
4239711832
4239711832
4239711832
4239711832
4239711832
4239711832
4239711832
4239711832
4239711832
4239711832
4239711832
4239711832
4239711832
4239711832
4239711832
4239711832
4239711832
4239711832
4239711832
4239711832
4239711832
4239711832
4239711832
4239711832
4239711832
4239711832
4239711832
4239711832
4239711832
4239711832
4239711832
4239711832
4239711832
4239711832
4239711832
4239711832
4239711832
4239711832
4239711832
4239711832
4239711832
4239711832
4239711832
4239711832
4239711832
4239711832
4239711832
4239711832
4239711832
4239711832
4239711832
4239711832
4239711832
4239711832
4239711832
4239711832
4239711832
4239711832
4239711832
4239711832
4239711832
4239711832
4239711832
4239711832
4239711832
4239711832
4239711832
4239711832
4239711832
4239711832
4239711832
4239711832
4239711832
4239711832
4239711832
4239711832
4239711832
4239711832
4239711832
4239711832
4239711832
4239711832
4239711832
4239711832
4239711832
4239711832
4239711832
4239711832
4239711832
4239711832
4239711832
4239711832
4239711832
4239711832
4239711832
4239711832
4239711832
4239711832
4239711832
4239711832
4239711832
4239711832
4239711832
4239711832
4239711832
4239711832
4239711832
4239711832
4239711832
4239711832
4239711832
4239711832
4239711832
4239711832
4239711832
4239711832
4239711832
4239711832
4239711832
4239711832
4239711832
4239711832
4239711832
4239711832
