200
3757910776 732209571 3541206248 3548440956 3624305069 4067196385 3779216529 542287222 3882872069 3666920815 3992581277 82744262 3382362384 836826074 3888589930 604205481 870319118 3939289541 4076392325 4261522103 906735732 3504460592 175134179 446995744 928940333 4087031024 4224344106 957672058 3553395174 3992438599 3800143533 3614884872 454971826 3872979664 779878113 712410905 567717600 735179994 723879194 3384124852 857329247 147560314 637552927 4192584711 151342543 3554179100 3765457557 3992303176 87985619 4200438734 3637765648 3492190498 414818096 125533048 149962847 3566089565 4027226613 897703936 192827959 19957665 4177946634 3350055692 477111775 671490711 3460398691 140009693 3500886276 852978557 60971609 3396780310 3725845571 924582072 276704568 139182830 328679385 4152399799 756920276 3809823541 3550411776 4289730263 3801713749 3832906143 499230308 4062728244 850759222 231465935 3592998525 3981833451 3771734147 3962715274 3692914071 3454516740 572428501 653390011 3598903418 294516627 4195571253 16201964 3725746358 715358107 3445418431 276678005 57204080 138717979 656396628 3407061190 3370880355 766337522 863539180 50607648 304397588 4250852679 3384204317 4243310725 4279928938 3501472831 364055043 3496414226 409930585 819789576 3358756279 646057236 418455344 16094642 3503275114 876207291 376840844 244548369 3826123693 3756937234 631104605 3871902219 3528444375 802397390 678378269 225032220 4198976415 3314629955 8068200 3323934421 3862132666 3442409676 695118196 3859818184 4206679083 3973242516 134584772 3320879472 323583239 332282420 3743374781 4020786914 742423417 3351531142 3426369602 3707063830 395762312 4101739565 3394461619 424196937 4222797093 523285573 652176043 371304716 3711305725 3414819773 3368425914 32588426 164679118 570506301 4010782506 3507387942 3635271028 245423327 793057132 240194335 3694827871 933068831 3682651803 849836843 3688837869 4243441067 3344976772 3506062318 4219137480 809176391 995025072 4250076400 146197806 3512620788 788470400 751926382 3640521579 3422625378 416024112 490243318 3301656647 409509801 3309420987 3751271729 
115 35
199 50
26 162
132 2
127 148
110 189
92 12
161 74
34 116
141 155
55 152
99 169
54 70
64 101
76 30
166 167
94 22
3 192
166 152
49 41
105 49
170 164
41 170
48 145
133 56
175 11
25 195
15 56
5 88
88 179
79 58
76 187
28 5
151 113
147 95
181 47
179 154
93 73
169 67
86 66
176 153
169 192
152 192
68 74
169 64
139 158
9 125
153 106
84 136
46 42
9 161
132 151
147 154
152 196
8 136
78 160
77 175
164 58
140 66
94 107
11 132
61 56
47 140
138 59
79 182
66 39
189 180
3 95
155 7
31 49
112 31
146 35
80 89
176 182
8 36
153 142
138 22
77 53
191 43
179 105
32 44
99 37
150 45
112 191
52 55
24 4
187 9
7 77
15 195
16 124
180 138
10 110
160 62
127 26
17 74
67 150
183 112
61 13
119 5
61 193
59 76
187 58
81 82
59 128
72 116
73 115
148 186
38 113
200 39
28 137
165 82
116 163
123 29
64 120
134 78
177 99
172 186
18 163
18 140
149 152
62 35
68 78
57 174
134 133
105 7
58 85
64 97
143 122
42 14
163 154
106 157
80 31
103 70
151 70
137 100
141 121
190 2
132 69
110 129
191 124
172 152
139 143
34 102
27 105
122 150
106 4
161 178
70 123
191 174
118 125
139 84
12 138
60 191
40 117
77 131
137 23
81 2
20 26
14 134
73 185
115 33
103 98
168 132
185 104
132 91
159 128
56 96
85 21
65 38
88 108
117 93
165 194
87 128
75 163
27 173
198 6
188 192
1 157
83 37
55 6
61 90
145 121
128 109
137 71
32 16
63 194
130 198
144 49
58 114
135 185
27 111
125 156
50 124
4 171
19 181
88 184
68 51
59 126
197 153
