200
944551251 109521839 953690169 3562458430 3309828659 3547429085 3509343332 579938782 3806212497 612635446 3958233437 4129738179 467343725 128809147 560123925 3985012020 45118133 3543108514 918728743 3315665960 3385184903 370795618 4213688429 4184921058 638303694 801143452 4155169619 3400919045 3382915762 4289820245 939234810 3578065186 3391296587 561886786 4224372653 646577530 3330550928 3749146956 3629968573 611026765 568062799 4163490453 3361716477 519268847 164378302 3965116953 3556069402 3639445589 989821892 3526233972 130477973 991491803 396759999 356094002 347224492 3424272475 422926668 176367034 626721825 3530529327 3665053709 4103589848 841743674 3835922010 3446456924 3678414623 4259859477 481017553 38847622 206529890 3999982016 3564674616 3820310815 645591733 987183837 3379539242 646798416 460324422 483800459 3607264269 37005597 4178263347 4174761854 831234775 167403530 635231470 3583950571 765229864 3572145716 3502772258 3387838015 3550895201 3704588864 3363863191 4099519367 3497633417 3620814778 76235678 3384253151 4079107012 3859635356 402417052 210638705 4036854850 3767242726 554625755 3772379580 495926311 3806523373 387643703 590908669 3377674614 654357646 999055270 536594530 4163256830 3608176974 708921191 821983837 858510982 3431726892 269381561 3847506044 3410926271 3303264480 3661983224 3808626492 19639798 585706990 3371470691 3365436838 3818101784 4230968779 595191284 415537252 3965678758 488650780 3349192079 3521737663 3451694036 291930714 4112956803 3972863943 192165271 4099197333 175734989 3678872639 727528618 691148161 4266120104 3300064967 269344898 221296990 779098116 3386405760 3507774305 3702057356 374411581 3601895303 3563562891 797443609 4192328847 3591831864 772800563 3738906766 4206835711 3397765263 3476663706 384555601 670570225 127925340 13850704 3884127509 3574117643 279368377 3334756409 686923718 166437132 665959119 560172536 4279202747 4138653964 409575383 368031787 839711465 3525480869 966233500 4068633906 4242243763 3769369939 200061723 251232989 3729713181 4127708632 386484627 3350916966 3470678527 3878926074 3318831641 606715813 
8 185
173 149
170 13
105 24
56 21
11 111
177 9
130 152
10 98
183 156
75 160
61 112
43 137
44 183
109 95
75 52
71 27
41 19
70 11
9 156
154 104
200 4
132 194
151 178
190 141
154 158
122 117
20 94
183 178
158 42
27 138
133 198
175 74
19 112
8 194
11 173
28 135
35 140
188 163
46 157
90 47
121 72
52 40
29 176
179 113
117 24
32 89
60 193
1 126
120 154
139 72
194 72
59 134
10 27
48 13
66 195
53 190
158 59
193 153
74 71
90 196
43 89
39 44
92 33
131 126
183 51
149 200
2 112
49 82
45 70
134 117
4 47
159 31
146 80
39 105
136 43
138 96
101 37
24 176
200 187
43 145
8 97
186 91
98 134
188 135
95 10
124 167
22 28
90 164
80 34
107 142
175 94
16 55
131 127
113 143
129 96
33 22
77 38
34 55
7 43
126 60
188 194
151 15
8 102
142 19
178 110
143 148
170 31
69 176
16 47
174 70
96 22
66 191
121 136
51 64
186 20
35 30
20 25
151 152
38 71
173 136
66 18
91 157
198 12
48 150
199 180
43 143
73 44
119 77
8 88
160 6
35 103
142 137
35 38
51 68
73 79
82 19
196 60
4 37
58 84
16 85
79 53
17 186
167 166
108 111
184 131
99 126
191 55
84 129
120 125
136 118
10 26
135 124
65 146
9 150
79 86
130 155
3 198
62 32
178 23
9 6
39 78
171 34
133 100
89 76
189 156
98 172
116 34
124 165
18 182
1 192
122 81
97 54
59 21
183 181
175 162
86 93
61 5
180 121
197 81
176 133
169 76
16 83
67 129
106 58
161 72
57 83
14 162
36 34
63 2
50 164
147 159
191 114
45 115
168 125
123 61
84 87
128 118
146 144
