200
3873362882 816826773 3833945493 3678780111 3524589413 3634991626 131683448 456824085 992727019 3837567816 3722043346 3503856362 401058141 3412712171 797556046 3606770486 750037744 3308020083 426424013 4222235425 3900924698 3302906275 140479139 3693639382 56261699 4075013506 49587586 993717741 3460768603 359102271 791814077 688630816 438534921 677382506 811991986 3791458190 3868901903 892712809 3902410376 4145793911 977668444 371613077 927986833 3429256172 3399142107 423198764 755221859 208289381 562993598 245481105 3610952256 3835860439 3566094660 713900825 3952844932 4217569648 4200675904 4249739104 3953677239 3769608749 3476547064 4107738682 394636808 3533597388 971930949 297596430 80504947 611727484 713408444 3420726647 4145872482 648656136 3542440293 3937883753 3472619927 4222975986 3488839329 3380045326 3400470744 3519036955 205785243 999521624 34569474 942840807 195406441 3583465575 147285112 172421085 168895539 3821809601 3386428331 4088399913 4161322444 4231136424 28805265 3538701285 4053593427 837393875 4137878157 3421641566 664650550 954424951 68126767 3438630764 3432407779 3629879160 3357358506 214485133 63960060 372311909 4061624996 498899220 108449882 3307710669 815325621 4020837290 513415012 4281342770 4196163025 550710447 3317555959 3745953261 3414014244 858700707 278581765 4172660323 904488757 530674018 3365420716 228541069 712671721 3546324962 291508189 4246974028 71433957 456484922 880243700 744143814 3540636456 3727428993 3348121321 838438646 3458617934 3951632785 525945296 525859014 404980338 916771881 3350910899 577470597 364039698 734968568 675384993 4030502713 739545366 3315240058 738330029 3337384100 4142720075 4214035146 753585769 937507422 680434064 842125331 463662784 3557056273 3835555118 667097066 3738915684 3428924252 4236855210 4140833752 3308672375 3889459688 460490709 3703878106 67527741 4252791804 692678431 4051008542 3567442699 721171519 3524490645 126533473 4068608263 3920501173 3589191342 246788492 250020613 981566965 849484882 534843161 860313955 98714801 932639107 559928787 3841126495 3903668395 3887319301 3976120747 
191 124
146 191
19 88
56 182
178 60
189 185
150 68
103 195
197 77
154 54
126 82
137 126
193 192
12 16
190 37
116 198
19 135
2 71
192 188
38 80
59 143
135 186
159 175
72 168
66 26
98 198
53 114
149 92
5 74
33 108
166 191
71 199
126 196
150 187
104 41
89 137
183 141
186 154
83 50
145 38
107 198
11 19
60 130
128 104
88 86
43 165
18 73
25 92
12 114
108 61
36 64
32 137
174 121
112 66
23 143
17 163
176 16
126 195
165 77
47 177
131 186
108 165
39 53
17 105
171 81
133 66
64 53
125 120
187 164
20 51
57 29
44 54
45 183
112 61
48 43
128 19
185 62
183 19
48 72
91 40
145 184
87 138
155 96
161 4
171 157
114 122
187 10
73 25
163 169
130 83
31 104
75 77
198 17
198 104
51 113
132 15
23 194
135 199
23 115
149 183
14 183
9 67
95 37
51 46
184 1
3 125
61 170
7 31
186 173
120 166
16 192
198 187
76 159
138 59
9 38
142 151
95 158
34 80
44 89
93 5
21 15
58 21
130 81
53 178
168 178
163 94
173 85
152 174
143 156
85 29
100 129
180 29
159 29
147 175
62 153
113 144
165 45
63 152
143 8
194 117
185 162
122 127
34 169
79 76
53 56
36 62
176 58
149 129
157 13
188 119
187 87
10 181
125 20
12 177
84 111
53 93
91 17
27 91
85 151
36 121
72 96
17 106
148 194
172 36
45 55
120 65
125 149
190 64
84 128
97 191
81 52
136 163
91 101
30 154
35 42
134 119
167 57
109 189
25 160
70 28
69 119
157 6
98 35
102 158
163 22
28 106
30 78
165 140
161 89
13 139
123 36
24 33
110 77
179 160
118 114
191 200
99 199
90 28
98 49
